layout_spectrum: 0
color:
  saturation: 0.2558247
  brandStrength: 0.7984823
  lightness: 0.239151
  rhythmicContrast: 0.01036679
typography_spectrum: 0.8979764
name: Founded
